0,0
0,0
0,0
0,0
0,0
0,0
0,0
0,0
0,0
0,0
0,0
0,0
0,0
0,0
0,0
0,0
0,0
0,0
0,0
0,0
0,0
-1.7607296313182537e-05,-3.975906252585136e-08
-1.790760773927747e-05,-4.54755185526125e-08
-1.846743928692919e-05,-4.608828944411891e-08
-1.9348624761389085e-05,-4.6465940073885845e-08
-1.956922499046776e-05,2.985200422738237e-07
-7.214088405233052e-05,-1.4719220003962882e-06
-0.00014842855930233875,-4.466141463263054e-06
-0.00015150918608703313,-6.749934840270149e-06
-0.00015378292072891313,-8.98036853207992e-06
-0.00022739753485282854,-1.387895509280727e-05
-0.0003039802980048193,-1.9625186529959287e-05
-0.00030914199596891213,-2.207105014460822e-05
-0.00031322183544909427,-2.4500379073892392e-05
-0.00038732779611397837,-3.208816157371523e-05
-0.0004599675115631594,-4.014481681190933e-05
-0.00046657800230585217,-4.290947915222261e-05
-0.00047227423996798294,-4.5715965952179455e-05
-0.0005425664253531585,-5.544962711132007e-05
-0.0006136059944587824,-6.588713477212894e-05
-0.0006216670217142652,-6.914412139333195e-05
-0.0006284660393230208,-7.224461149290672e-05
-0.0006971873819645721,-8.425612233057059e-05
-0.0007687410616565634,-9.737987362088752e-05
-0.0007687410616565634,-9.737987362088752e-05
-0.0007777454070441317,-0.00010102400057150824
-0.0007856888719844123,-0.00010457450114540064
-0.0008608714585815616,-0.00012311039616405778
-0.0009286144264756034,-0.00013865721404314468
-0.0009389366254465101,-0.000143065170597045
-0.0009479029454361586,-0.0001472170851254366
-0.001013292065183643,-0.0001641113750795192
-0.001013292065183643,-0.0001641113750795192
-0.0010814276082560248,-0.00018231936646781672
-0.0011023509676991823,-0.00019196534813830561
-0.0011125509696861772,-0.00019694656032226074
-0.0011761502695312245,-0.00021642726181344977
-0.0012404631121854083,-0.0002367005432374219
-0.0012526325275214537,-0.00024255369226889212
-0.0012633981854171562,-0.000248044816497883
-0.001325390542925077,-0.0002694636138482608
-0.0013899761507394537,-0.000292376131989687
-0.0014026155170932348,-0.00029880766196647957
-0.0014141848970385287,-0.0003050102258031857
-0.0014764201443175843,-0.0003290212451374705
-0.0015374894350916064,-0.0003531607086464702
-0.0015509092074995393,-0.0003604004978135203
-0.0015636306497593066,-0.00036759210604056557
-0.0016224568200181198,-0.0003927210521862451
-0.001681949044278726,-0.00041870235819032155
-0.001696530340163076,-0.0004270563221371406
-0.0017096123837033127,-0.00043487401806591164
-0.0017668642503218517,-0.0004617608612920241
-0.0018265196161691448,-0.0004903705645570809
-0.0018411438089499816,-0.0004993102795970042
-0.001854806659966244,-0.0005079715611966285
-0.0019123832910937178,-0.0005375326535780433
-0.00196856613769992,-0.0005669696537176317
-0.0019837838757397748,-0.000576854057926694
-0.001998331418746422,-0.0005866538699839984
-0.002052781259373262,-0.0006170839016464396
-0.0021072409942332073,-0.0006480886699435061
-0.00212266974782199,-0.0006587214513498383
-0.002137003792933767,-0.000668984691478689
-0.0021911858131336477,-0.0007016199140529762
-0.0022458516476777804,-0.0007352679921191194
-0.002261884330648181,-0.0007469231567439425
-0.002276449892697978,-0.000757919964839468
-0.0023305937300407034,-0.0007930851738008021
-0.002380696902910732,-0.0008264805009450295
-0.0024121768798906376,-0.0008484975906746352
-0.0024378093188157164,-0.0008673100800833293
-0.002479480993395772,-0.0008968870518613501
-0.00253768545157713,-0.0009379118831859294
-0.002615030534668532,-0.0009925613118032823
-0.0027157505190630636,-0.0010639245027147287
-0.0028471284043986153,-0.0011567647674998
-0.0030052512292597974,-0.0012607409808049748
-0.0031704679057475487,-0.0013709349160314372
-0.0033389469273143197,-0.0014864888325389538
-0.003509585598737056,-0.001605945864090609
-0.0036630001380355414,-0.0017151894448255568
-0.0037983468410957484,-0.0018132385790764877
-0.00391280511786918,-0.0018978016745293987
-0.003989039227476033,-0.0019555839605675555
-0.004015875463728288,-0.0019773020523236196
-0.003978104462908073,-0.001950230472897536
-0.00392167097505081,-0.001907107869144161
-0.0038017839041873734,-0.0018096178557843005
-0.003562536879125164,-0.0016144725882806191
-0.003179927896859092,-0.0012963858986958605
-0.0028467181152222235,-0.001019479504092256
-0.0025949814320484093,-0.0008030758876022611
-0.002239023057097949,-0.0004953291555630352
-0.0017098906137469573,-3.0984896997926416e-05
-0.0009493957378803658,0.0006496898381070973
4.3957342933943246e-05,0.0015595613457434977
0.0010566320842121885,0.002510460191728772
0.002168996534316558,0.003576359378533257
0.0035795303311264457,0.0049457833776167985
0.005293425259724141,0.006640703016380854
0.007447035732082622,0.008817565423590298
0.009641009742709874,0.011083896439904293
0.011755970423278393,0.013306765586564382
0.01388284856767506,0.015581868213572493
0.015591165124237381,0.017439788964442957
0.017282179807406213,0.01931143240327724
0.01949011590537989,0.02179862230312066
0.021402940186266588,0.023990720798248343
0.02322929153534281,0.02612667154790124
0.0253713816858878,0.028668326839523053
0.027428118176665475,0.03110390555247941
0.02948963658464061,0.03357350196505776
0.031481660198537605,0.03600049956885073
0.03342414827960175,0.03841020520581347
0.0351536554916449,0.04059823327148867
0.03682607599146822,0.042758920277358836
0.03818913649241581,0.044549792997396656
0.039456850051809725,0.046255333720923275
0.040927427673325134,0.048257132148920155
0.04230535633163415,0.050129768723250985
0.04365256540097744,0.05196363795230429
0.04503234381202911,0.05383783305444474
0.046084492481029665,0.05527335741846626
0.04679865948345685,0.05626174664047162
0.04727536875803607,0.056931555698629066
0.04774005850486815,0.05760103186994191
0.0484204600627281,0.05859119849484917
0.049388748018938576,0.05999828326988739
0.05038272147159216,0.061432032187557016
0.0514847166818129,0.06301247855934859
0.052590221673937655,0.06458974766912082
0.0533877822323485,0.06572146168534523
0.05404416918218509,0.06664805132543833
0.054488192095500994,0.06727810635266585
0.05482434861130278,0.06775667892883964
0.055260671190321395,0.06838070456272245
0.05592017768798463,0.06933260409767789
0.05680894948828033,0.07064106422162353
0.057875256425345085,0.0722464780409898
0.05911735766127763,0.07416776559287784
0.06046121033043681,0.07631896613913404
0.06166164320395331,0.0783102523021902
0.06265454700308178,0.07999206016261025
0.06363975432816743,0.08167316397666144
0.06482393959399263,0.08372678659674027
0.06618867557823595,0.08616120030802066
0.06748690453992157,0.08853519093479308
0.06875021410333089,0.09085799182287427
0.07021731240544067,0.0935160681721122
0.07172135672972742,0.09620993511412518
0.07325285853368167,0.09896115121434808
0.07471815290248178,0.10161267790709001
0.07609648670300678,0.10413495839413345
0.0773323715411574,0.10642762468820391
0.07851959241172565,0.10867528823318066
0.07977359377030074,0.11107692338269834
0.08112079944025642,0.11364739524765263
0.08248947641035405,0.1162294440883331
0.08378548071182307,0.11866813241990597
0.08512502327935424,0.12116404798197669
0.08649604454392204,0.12369503739270862
0.08798467888649476,0.12641873678890775
0.0893893787927784,0.12895117683335117
0.09065174854946048,0.13120985528668255
0.09191854674777676,0.13347996820596467
0.09327427761455685,0.13592639462434433
0.09493686772529883,0.13890297812444594
0.09674713962115566,0.1421125776259106
0.09858810097449448,0.14538312776904347
0.10042975182915106,0.14870863651763364
0.10210630806513832,0.15179723105692994
0.10377817099883478,0.1549415999789843
0.10539817880738049,0.15805176707532304
0.10694468560233127,0.16108506733450034
0.10842812495607772,0.1640568204030755
0.10992237064977471,0.1671101069756259
0.11130378023003348,0.16999462867665482
0.11263687240317154,0.172842829316687
0.11393532676469156,0.1756729569987949
0.11511073726985233,0.17825549997190904
0.11617448480929365,0.18057717846749313
0.11717946350746165,0.1827490291917757
0.11807114109399458,0.18467812548334997
0.1187949693020664,0.18624949408279562
0.1194935763455864,0.18779736643006872
0.1200631678954444,0.18906293969031396
0.12058775494886377,0.1902397805921563
0.12128022319520194,0.19179418856047553
0.12203556863902239,0.1934642984375954
0.12286911442036308,0.19527106591447127
0.1236921404532208,0.19700221221209582
0.12447600810378746,0.19861589062502003
0.1254388619154811,0.2005397172834334
0.12636561908690758,0.20233254064700215
0.1271012556166572,0.203737438290657
0.12777615052043279,0.20504079344269752
0.1285350415032096,0.20653592828606093
0.12930023584068678,0.20807020970074355
0.13010824810253932,0.2096806077865631
0.13108048535256805,0.21158660191738002
0.1321679043064673,0.2136873047584093
0.13349683989352193,0.21623129501457505
0.13521513296434812,0.21947992786709894
0.13705244208241688,0.22291953752678292
0.1387537843781304,0.22611035010066613
0.14043320833373252,0.2292637946578252
0.14193837278235813,0.23211199998192716
0.14337958993358016,0.23485598061643778
0.14475905318509896,0.23750782983334476
0.14587610270009865,0.23965869059341843
0.14693028416168638,0.24167383392342498
0.14808276676859738,0.2438735772737966
0.14928587836411353,0.24618458256834558
0.15035401919815222,0.24823258545476665
0.15143442704556515,0.25027411848358017
0.15246613313420954,0.25220989264124405
0.1534947305889962,0.25411468515494295
0.1545420925000215,0.2560455983880115
0.15557867776425297,0.2579444633976607
0.1566848274619868,0.25998385457495743
0.15771631115779738,0.26192190321125497
0.1586502867829814,0.26370233850112684
0.1595005178185023,0.26533995241818875
0.16017326437636942,0.26664924931493805
0.16078498356110682,0.2678442818766849
0.16149682691526232,0.2692467287198339
0.16227263122709726,0.2707815353969864
0.16307121005529565,0.27237489435164797
0.16386096495806857,0.27395750705257466
0.164559335750821,0.2753638211435657
0.1652186923183298,0.27670522490582766
0.16597386733713726,0.2782421384894031
0.16688912912748202,0.280075020135489
0.16777947832419482,0.2818136778399838
0.1686062314590256,0.2834070255242462
0.16930237471563883,0.28473935344360224
0.16996455945342315,0.2860081987872644
0.1707907464628708,0.287578945813524
0.17156095330251828,0.28903118082942586
0.1723205449643551,0.2904747971582598
0.17303448849890962,0.29183498065594465
0.17384002595164474,0.29338403443025496
0.17466231078992075,0.29496942588115815
0.17522977338939066,0.2960627715307577
0.17576344292281507,0.29709344328780785
0.17632078663758763,0.2981680915436142
0.17689641168380318,0.2992948687379472
0.1778016330789199,0.30109008545365373
0.17890136001017956,0.3032931698694877
0.18002344689136235,0.30555333527348444
0.18118755773009187,0.3079135115217095
0.18222518874777982,0.3100532905286871
0.1832222740673888,0.31212999011999343
0.18410668334753078,0.3139982400154548
0.1849436695678754,0.31579070084775984
0.18568357980423658,0.3173940346205355
0.1864839787839602,0.3191663541610285
0.1871449638394957,0.3206616437843082
0.18784750184451895,0.32229020711410455
0.1884631850410404,0.32374924867051663
0.18909549439495676,0.32528656398263345
0.18963870767886265,0.32663725427782
0.1902229487179878,0.32812892408750116
0.19071343984134023,0.32941108768092403
0.19121277697653166,0.330752276623744
0.19166509720016592,0.3319966723629477
0.19210094459420324,0.33323069048032516
0.19248375190682993,0.3343402299501711
0.19287047221970022,0.33549378431084664
0.19319385960828137,0.3364819685265229
0.19350794284122552,0.33746995019393455
0.1937776879009336,0.33833944423918166
0.19403333300343384,0.33918924075985807
0.19422969325731837,0.33985973261915264
0.1944106995676702,0.3404964608275316
0.19454735862228173,0.34099053639091503
0.19466982847535264,0.3414482003534899
0.1947569897256243,0.34178032120675117
0.19482478028935085,0.34204592854652816
0.19485957203089063,0.34218291249892224
0.19487796368255894,0.34225410934044476
0.19492851932358146,0.34247099035459405
0.19498819184358304,0.34273647815078234
0.19502266085293724,0.3428877422016898
0.19504617347636488,0.34299013193148736
0.19506173016239908,0.34305551298186754
0.19511899563761567,0.3433387215970726
0.19525281116244927,0.3440309957559415
0.19545066566745672,0.34506924878698675
0.19565335961668653,0.3461340309838331
0.1958377470671445,0.347136257565925
0.1959879616820021,0.3479895562224312
0.1961476387047273,0.3489469244371122
0.19626927359271654,0.3497139022691856
0.1963954125923592,0.350557819028566
0.19649459624554022,0.35125906740821067
0.19659493766113942,0.35201845454994035
0.19666926771444027,0.3526158332296537
0.19674938709900677,0.35331205413700334
0.19680465748714707,0.3538261891018294
0.19686281646194229,0.3544185832191206
0.1969032354931406,0.354862777079812
0.19694473160429307,0.3553730170091232
0.1969709745514401,0.3557235520608476
0.19699967015624914,0.3561660399169113
0.19701571120348052,0.35643639249892933
0.1970327429064361,0.3567857158828473
0.1970416803657188,0.35698218468854687
0.1970506598141277,0.3572527308088009
0.19705475160429314,0.3573660493304013
0.19705856226296653,0.3575650835755634
0.1970605161214828,0.3581037550784784
0.19705438621407861,0.3589402830120165
0.19704179914384823,0.3597395199554435
0.19702355149896902,0.3604877326106258
0.19700094351556177,0.3611780294040633
0.19697267450482248,0.36186126377283634
0.19694247451031277,0.36246747394382633
0.19690869449858966,0.3630469885667919
0.19687275399736473,0.36358618210464505
0.19683533895321306,0.36408354001245957
0.19679850233838667,0.36452555561861394
0.19675906508268665,0.3649549010346488
0.19672286811999146,0.365317314801166
0.19668635527890055,0.365654949760515
0.1966524412861093,0.36594790000105454
0.19662020434970712,0.366208031407916
0.1965930617857979,0.3664159542385449
0.1965668434338744,0.36660577344406636
0.19654788757655878,0.3667388454721392
0.1965316409415485,0.3668487823393496
0.19652303774888033,0.3669103403745586
0.1964546992446913,0.36729294151453734
0.19626658179738043,0.3682809111320429
0.19594879155556028,0.36987364930440847
0.19563890510297888,0.37138111362024595
0.19531892765995743,0.3728887290124363
0.1950048841237531,0.37431783635598626
0.19468529575448987,0.3757166775798887
0.1943790015125727,0.3770083450071389
0.1940648717535496,0.3782886758592643
0.19377564313129003,0.37943015847582395
0.19349039862253103,0.38052028547220196
0.19321714092427278,0.38153487981514184
0.19296188928198976,0.38245286806674245
0.19273448399846588,0.38325022080951576
0.1925162135655029,0.3839937957224693
0.1923231903014002,0.3846346435891216
0.1921357690646096,0.3852396130216513
0.19195916907803745,0.3857938831601123
0.1917881306159989,0.38631541104253797
0.1916364304851163,0.38676572384421193
0.1914796806379803,0.3872180629503691
0.19134683967167943,0.3875918620396847
0.1912164950216312,0.3879491586209597
0.19110339043102675,0.3882521423685763
0.19099690460015503,0.3885302789976193
0.19091262533456316,0.388746204023785
0.19082978106543666,0.3889534893419883
0.1907732159715533,0.3890932588038119
0.19072086714214215,0.38921997663534086
0.1906929188373674,0.38928870597369664
0.19067054616233373,0.3893433630850106
0.19054508069226375,0.38961500752197914
0.19020230881314745,0.3903399100804281
0.1896751919901932,0.39143764046165697
0.1891693854199814,0.39246564074073115
0.1886178993100667,0.3935624999421487
0.18816124068823317,0.3944499963819014
0.18768801383595543,0.39535565178655113
0.18724684668500013,0.39618221822566624
0.18677662668809025,0.39704728943785517
0.1863583879545218,0.3978012964293933
0.1858854573257093,0.3986388010219319
0.1854856794270876,0.39933308999833816
0.1850499259733098,0.4000765097397476
0.18466166367244452,0.40072629073114907
0.18425296078861544,0.40139770757655413
0.1838987549368832,0.4019692203955621
0.18351430496016613,0.4025785586783639
0.18319405851246992,0.4030769864953218
0.18286167503725861,0.4035851176497808
0.18257106364725317,0.40402163514385236
0.1822805247351885,0.40445020265359694
0.18204004189627945,0.4047990576370936
0.18178474262061498,0.4051628352930967
0.18158862728528877,0.4054378789863446
0.18138555952850668,0.40571768880728065
0.1812336778057636,0.4059242153240122
0.18107622956682778,0.4061343260350359
0.18097634784356478,0.40626653645720895
0.18086175094321533,0.40641524331270823
0.18081005789580376,0.4064829847365232
0.18074430740619413,0.40656678475330976
0.18048311736494305,0.40688547707512923
0.180037373083556,0.4074124222212882
0.1796413717127972,0.40787303462033714
0.17920591571679323,0.40837039674966685
0.17885558730725734,0.4087641341812611
0.17848186020163792,0.40917696149537214
0.17816808765435177,0.40951803630258143
0.17784266917231772,0.40986558050753386
0.17758605215014261,0.41013566917611755
0.1773022489759199,0.41042906201644574
0.17709829738276894,0.41063709818172917
0.17687312224261925,0.4108626011386725
0.17671770522109553,0.41101663573877883
0.1765439602159563,0.4111854239988712
0.1764452033983227,0.41128106113167345
0.17632014019653436,0.41139939125867
0.1762748355436447,0.41144340328959933
0.176207083585794,0.41150664745104826
0.175978040066479,0.41171358077168757
0.17556348219955648,0.4120735752136555
0.17522544296857562,0.41236330001771887
0.1748645856794579,0.4126679396703326
0.17459119274362261,0.4128953011995039
0.1743249230288967,0.4131130461130464
0.1741230550585279,0.41327601694053195
0.17394916145278497,0.4134140648144666
0.17383176553254057,0.41350684308889185
0.17373891444655662,0.4135796099392058
0.17371286794306137,0.41360156409610715
0.1737250029826942,0.41359530426954316
0.1737816245777267,0.4135576114515773
0.17383960925563482,0.41351931653965146
0.17387009989669072,0.4135005941002135
0.1738877708370967,0.41349121363621766
0.17392968787392776,0.41346594908677914
0.17398634199851173,0.4134315531412558
0.17401044353657538,0.4134186969464341
0.1740198555390415,0.41341528707339187
0.17406463940094444,0.41339016836196124
0.17412232863835259,0.41335779878570533
0.1741478550306274,0.4133451149310372
0.1741594522220159,0.4133408261150249
0.17420356292414393,0.41331820452438345
0.1742605681205337,0.41328879271410934
0.17428565848133154,0.4132774775762977
0.17429799185051403,0.41327333006928424
0.17434322930085167,0.4132519837385102
0.17440092455865233,0.4132247104148727
0.17442638526521959,0.4132143490940159
0.17443929005656733,0.41321035165563214
0.174485592100519,0.4131904135956096
0.1745453745923494,0.41316467852767597
0.1745708632699302,0.41315528110080973
0.17458480186515557,0.413151332985609
0.17463280087595884,0.41313263430023717
0.17469090069148382,0.4131100132453778
0.17471705899585627,0.41310135535828735
0.17473243505442065,0.41309743514131836
0.17477920870757618,0.4130810862990886
0.17483732798982812,0.4130607777991832
0.1748650337272071,0.4130526325101936
0.17488092250567788,0.41304904376882734
0.1749279054042836,0.4130344481244934
0.17498776453985992,0.41301587411555196
0.17501536015678731,0.41300876308383827
0.1750321614341362,0.4130054700739988
0.17508073884428826,0.41299223362343757
0.175138749131769,0.41297645625640206
0.17516698335408956,0.41297018853296824
0.17518518953384468,0.41296717584896736
0.17523242886704032,0.4129560749787477
0.17529028106469755,0.4129425092083259
0.17531999339158133,0.4129369648683492
0.17533850104045787,0.41293447475796474
0.17538579478573463,0.4129250991962105
0.17544518540445098,0.4129133714021746
0.1754745890893687,0.41290891521041106
0.17549390294719025,0.41290691557258463
0.17554263812169194,0.41289902811997764
0.1756000214215498,0.41288979135562126
0.17562993380456585,0.4128862937141641
0.17565062624403902,0.4128848017044864
0.17569789898785057,0.41287885197290175
0.17575497315490882,0.4128717172065534
0.17578626993397334,0.4128691391188241
0.17580707928474723,0.41286829733972297
0.17585429274536327,0.41286403064941224
0.1759127400646459,0.4128588145958984
0.17594353356477632,0.41285733561486937
0.17596604001821609,0.4128570508072426
0.1760144612654613,0.41285438140611863
0.17606994956094923,0.41285143239993477
0.1761021462454811,0.4128509204109953
0.1761266045362627,0.4128513271659261
0.1761737739454553,0.41285038959622516
0.17622826837706282,0.412849440728218
0.176261439262039,0.41285006113869327
0.17628490476056488,0.412851298231465
0.17633178968481616,0.4128520110731853
0.17638897505051085,0.4128529723341384
0.17642131314387433,0.4128547054187673
0.17644514758705704,0.41285675878634576
0.1764931539330965,0.4128591826707378
0.1765481318423107,0.41286205167712947
0.17658069695300038,0.4128649183637842
0.17660574194742185,0.41286790958434894
0.17665200449116045,0.4128718833050444
0.17670638896941715,0.41287664614815944
0.1767401908792228,0.4128807932598643
0.17676497234277253,0.41288458446112175
0.17681086380271094,0.4128901550469742
0.1768662352504446,0.4128969831949654
0.17689920225764433,0.4129021840726724
0.17692438258721327,0.4129068923201246
0.1769712396411534,0.41291426314530366
0.1770243024775675,0.412922719749101
0.17705736144404954,0.41292910570235947
0.17708365483353591,0.4129349353562264
0.17712868625813705,0.4129436550817024
0.1771810258296328,0.41295389918379694
0.17721511634503143,0.41296171456145075
0.1772409187363214,0.4129683488860742
0.17728543614237446,0.4129786020631278
0.177338533633017,0.4129909602299165
0.17737160734940133,0.41299975422923874
0.1773976426090344,0.41300738521199426
0.17744291024265607,0.41301950745849353
0.17749358032067072,0.41303320864987514
0.17752657156792212,0.41304321027962293
0.17755355799794686,0.41305211892345023
0.177596841484775,0.41306536425637663
0.17764659023752266,0.4130807192876584
0.17768040712597633,0.4130922651410665
0.17770663016851876,0.41310192300603715
0.17774916326049403,0.41311659611819024
0.1777993667874266,0.4131340636587708
0.17783182547363371,0.41314642682455405
0.17786400889256573,0.4131590159695863
0.17790717279786936,0.4131756219875432
0.17794892302437368,0.4131921045277675
0.1779808413911763,0.4132055530573043
0.17801362110893262,0.4132197012635148
0.1780548897417919,0.41323725208063394
0.17809583587450514,0.4132550886297281
0.17812800084792996,0.4132699836024553
0.17815938439656762,0.41328482785682447
0.1782001273566818,0.41330383954717786
0.17824145285094298,0.4133236317537696
0.17827220024496646,0.4133392451702293
0.17830296611239188,0.4133552079241906
0.17834300309315881,0.4133757607885588
0.17838205159018058,0.413396261356732
0.1784138601473047,0.4134137394421139
0.17844556181537455,0.41343161558326297
0.1784820389560668,0.4134521457299233
0.17851935747962308,0.4134735217342838
0.17855181254320587,0.4134928542792956
0.17858008660038752,0.4135103189506465
0.17861680542419567,0.41353269195883385
0.1786578142527299,0.4135578339990899
0.17868420560021347,0.4135751623947837
0.1786996153585225,0.41358296340122724
0.17871368265658788,0.4135669102785739
0.17871985223718656,0.41350971667988556
0.1787304173150143,0.41341906756807806
0.17876690798828476,0.4133038035176507
0.17884439561916238,0.4131810067235587
0.1789802146245832,0.41305693030914525
0.1791895886083176,0.412940046112164
0.179409412016472,0.4128370384050129
0.1796088764071428,0.4127457433849374
0.17981323063065252,0.4126864366146717
0.1800004203397349,0.4126730674166215
0.18015087346763015,0.41270779319398
0.18026581215151183,0.4127826410004972
0.18035613047573956,0.4128452361059871
0.18041536652709486,0.41288793200413304
0.1804347530161463,0.4129040550946698
0.18045771764826998,0.4129232719342603
0.18051033442325665,0.4129647816533078
0.18054884845786204,0.4129964927326323
0.1805571616352941,0.4130055174972164
0.1805788908406547,0.41302517198757505
0.1806306108872594,0.4130690816868995
0.18066559600711055,0.4131001284023418
0.1806726034587284,0.41310866259267104
0.18069555350623034,0.41313076586089664
0.18074468308484007,0.413175482341438
0.18077773208525305,0.4132069864166571
0.1807845832239889,0.4132159694358917
0.1808063283833038,0.4132383845730308
0.18085315878088118,0.41328410024016976
0.18088575828044268,0.41331743465344417
0.1808927387190038,0.41332698540724344
0.18091370077199348,0.41335014291206545
0.1809593798763903,0.4133979979263237
0.18098966026988167,0.41343121436173097
0.1809968169209106,0.41344152197919687
0.18101764119479283,0.4134661907176082
0.1810596288242704,0.41351340948334064
0.18108859236489552,0.4135474937805508
0.18109624455894316,0.4135590746282945
0.18111575656693,0.4135838665853744
0.18115549310278364,0.4136318440001467
0.18118396801548156,0.4136678310128448
0.18119159386793562,0.41368001583032143
0.18121038348248542,0.41370564659090336
0.18124904070143552,0.4137558205644667
0.18127533787203615,0.41379155941117923
0.1812830813121628,0.41380468419969135
0.1813016654249725,0.41383194925525074
0.18133699214095692,0.4138813072920247
0.18136193705262216,0.41391781133566713
0.18136995671417216,0.4139323052845369
0.1813872074264086,0.4139595823553496
0.18142037422140034,0.41400954287599573
0.18144466050268035,0.4140479037530587
0.18145241510691337,0.4140629149845229
0.1814688428333871,0.41409097821002383
0.18150080061493304,0.4141430153821735
0.18152298632585376,0.41418093992011773
0.18153065147335762,0.41419690001828724
0.18154670249242777,0.4142266204288125
0.18157559378684385,0.41427761879865543
0.18159638760426247,0.41431619613319853
0.18160411426997475,0.41433359998530883
0.181618801386071,0.41436318936049965
0.1816455890815787,0.41441461141347624
0.18166555530021714,0.41445497845246754
0.1816728258184367,0.4144727921059589
0.18168658708546506,0.4145030831711565
0.18171203477217246,0.41455644705946515
0.18172999054239983,0.4145961925398483
0.1817369661221585,0.41461490334846973
0.1817501506916231,0.4146468019601301
0.1817727681302323,0.4146988876825346
0.18178929041486525,0.4147391488401467
0.18179610348327493,0.41475932937079557
0.18180790034183453,0.41479091838050614
0.18182846392742888,0.4148432407411798
0.1818439909451497,0.4148852075202335
0.18185018051237292,0.41490565245298555
0.18186095138896638,0.41493783388842315
0.1818800352860784,0.41499193260633044
0.18189364307367592,0.41503309274166267
0.18189934912570643,0.41505436079609154
0.1819093548137031,0.4150880915766741
0.18192585330342134,0.4151407215920215
0.18193799078911277,0.41518225427813243
0.1819433078023002,0.4152049799472802
0.18195193002383625,0.4152382319223338
0.18196642910194522,0.4152909244083872
0.18197740162397233,0.41533404272531704
0.18198196158673405,0.41535685996129273
0.18198947236083915,0.4153905864200079
0.1820023640335421,0.4154448827303612
0.18201151663873344,0.41548699463905575
0.1820154213765883,0.41551051601750644
0.18202198169997888,0.41554569697333865
0.1820325252653826,0.41559833475878394
0.18204017854014765,0.415640646028979
0.18204347000983054,0.4156655498914329
0.18204866976923945,0.4157000556912394
0.1820572730998622,0.4157525665916404
0.18206360580356196,0.41579631174164505
0.1820660485504908,0.4158211042402098
0.1820700669826392,0.4158559281596492
0.18207695232733048,0.41590986384117723
0.18208159543150804,0.4159524494029643
0.18208325095456585,0.41597784654252334
0.18208615634034414,0.41601403985533714
0.18209094382205737,0.4160661940286158
0.182094089134912,0.4161088748624993
0.1820949370316126,0.416135628190693
0.18209654214521936,0.41617102010604834
0.18209946531545534,0.4162229340149119
0.18210115641962468,0.4162669517274426
0.18210121515270392,0.4162945741679937
0.18210166549592968,0.4163311001272466
0.1821027254306165,0.4163835826228901
0.18210289287092363,0.41642655615403495
0.1821019420193746,0.4164533405596791
0.18210109535174412,0.4164911719219489
0.18210039711088227,0.4165438326770948
0.18209905762084835,0.4165867754421286
0.1820971202601756,0.41661492339056105
0.18209501480660364,0.4166518633088052
0.18209248160407882,0.4167042334035987
0.18208955228561977,0.41674853150460345
0.18208670443086003,0.41677642592675
0.18208330456505228,0.41681355883508325
0.18207881614224639,0.4168672065656478
0.1820744724039157,0.4169101245107379
0.18207063771521642,0.41693829585740455
0.18206580206970144,0.41697682865686436
0.18205969237718622,0.417028901656368
0.1820539598873165,0.41707136165812536
0.18204905116839049,0.41710061587154273
0.1820431680762163,0.417137500255848
0.18203551021046183,0.4171872988190544
0.18202801767883992,0.417231383058523
0.18202084688462192,0.4172711039838522
0.18201169506990847,0.41732248049858317
0.18199839250836922,0.4173992659140526
0.18198083217153296,0.41750058714678745
0.1819583180087188,0.4176288875110869
0.1819339814582419,0.417762602858218
0.18190995902843302,0.4178908800782429
0.18188471152912036,0.418021882732236
0.18185741705503533,0.4181590334551827
0.181829869887433,0.418293281826221
0.1818016126740566,0.4184286393998263
0.1817736694925663,0.4185672756236424
0.1817474603170046,0.41869185090085737
0.18172398116852828,0.4187980640944657
0.18170423412116823,0.4188817231906515
0.18169142885983813,0.41893002396304474
0.1816847893566547,0.41894885790975434
0.1816703215289628,0.4189977085681664
0.1816532747176335,0.4190551010694606
0.18164479408504888,0.4190786504334306
0.18164110855900575,0.4190838440721257
0.18163119309583212,0.4191109278305426
0.1816209617350909,0.4191384704618077
0.1816175514874404,0.4191431485078846
0.1816195444711214,0.4191310682824362
0.18161882286689643,0.41912729272656934
0.181648335023273,0.41903980563105286
0.18173738624895128,0.41877506086841837
0.18181139925733347,0.4185612970019059
0.1818963547492415,0.4183231756246241
0.18197104739582592,0.41812114854807314
0.18205164738855245,0.41790599116196836
0.1821193493399649,0.4177294761704027
0.18217804408254717,0.4175785267632187
0.18221832734457777,0.4174756569745526
0.18224400589924306,0.41740931557943894
0.18225063212314607,0.41738877323528045
0.18232748015462424,0.41721253053922247
0.18241184242367367,0.4170237130136029
0.18251952957341855,0.4167889550786065
0.1826007200032406,0.41661597250733334
0.18269983576061147,0.4164081994674872
0.1827526865797106,0.4162977698280487
0.18281727807719442,0.41616617591706767
0.18283123205446006,0.416134680642053
0.18285747908545052,0.41608059068779724
0.1828334281207539,0.4161204058505356
0.18292983021902928,0.4159407006992974
0.18303009730860093,0.4157599547522563
0.18317572114436914,0.41550424244536527
0.18324114396962984,0.41539118156496907
0.18335247638736488,0.4152020448309441
0.1834019051415094,0.4151174488101164
0.1835021297567743,0.41495186325954736
0.18351654237846216,0.4149253684504857
0.18357564437223323,0.41482946509477175
0.18358135165749953,0.41481664765657916
0.18361661268601276,0.4147599069298218
0.18358710716471885,0.41479940765197804
0.18371321444685149,0.41461385815092194
0.18376605924059067,0.41453542322286663
0.18388188556061746,0.41437064901526677
0.18389412815389988,0.4143501845541629
0.18397572322457836,0.4142371175048599
0.18398085180764626,0.4142267387019289
0.1840369884812264,0.4141503742309415
0.18401150183667467,0.4141792760041551
0.18402336011914805,0.41416098138739516
0.18401028824239563,0.4141734876681094
0.18424134537527917,0.4138912450924052
0.18446384933723833,0.41362425263507163
0.1847628607368086,0.41327275567995736
0.18495027950356038,0.41305451982144054
0.18521558003039437,0.41275239210283765
0.18535774300293678,0.4125907013149649
0.18557621700191346,0.41234900860260404
0.18566197195361217,0.41225353859391184
0.18584092724377607,0.4120614137565335
0.18590413055612887,0.4119924063178152
0.18607188783314,0.41181798451363827
0.1860172240448176,0.41186965872149456
0.1860305063884398,0.4118541614186237
0.18622045918989225,0.4116662549929757
0.18633202508598692,0.4115564248827604
0.18646969004545508,0.41142407093136185
0.18652522786307182,0.41136977599907854
0.18661218794221238,0.4112878225709675
0.18696874228766114,0.4109668098753069
0.18729843367075474,0.41067423772714384
0.18772058093712518,0.41030686260340005
0.18799243441456664,0.41007265767827317
0.1883384512671395,0.40978133768800656
0.18855990981070045,0.40959619926169083
0.1888414077610094,0.4093669221135246
0.18905331441693532,0.4091958250951164
0.18937260287930752,0.4089445210485095
0.18947981484715792,0.40885945554315684
0.18963355456370212,0.40874171866232556
0.18971880939539787,0.40867570392461233
0.18988958480356227,0.408549568630649
0.19032836349858756,0.4082343814429063
0.19072038023598256,0.40795658488018605
0.19106426980643618,0.4077161584144367
0.19127063037055517,0.4075725862411946
0.19150650521658988,0.4074119056189426
0.1915572312181145,0.4073763213206631
0.19163111731940327,0.40732573445592307
0.19168912711508349,0.4072860749813366
0.1917611344998868,0.40723881022878133
0.19204997337073132,0.40705995168418607
0.19230064411415765,0.4069063061954421
0.19245205516052674,0.40681346592498663
0.19240924217617356,0.40683666476206914
0.19236314870149876,0.40686179520400617
0.19232875478307937,0.4068796531769422
0.19226630489370697,0.4069125850985686
0.19221685549525055,0.40693737825905424
0.19220273332180424,0.40694257047418525
0.19216826680469096,0.4069583952136146
0.192110936114694,0.4069856901400998
0.19207033151422961,0.4070039908955317
0.19205032501547467,0.40701160199668684
0.19201984804185615,0.40702404372482065
0.19197013493485243,0.40704537489042575
0.191927289835908,0.4070630070553114
0.19190387743115905,0.4070712656398641
0.19187365649516946,0.4070823918520726
0.19182264697003137,0.4071022353642033
0.19177845546874336,0.40711861886959366
0.19175600703864074,0.407125615502896
0.191724568200168,0.4071360254302735
0.19167089033858067,0.40715479749506134
0.19162773393965649,0.4071690851746594
0.19160469620688486,0.40717543419767355
0.1915715400465915,0.40718517530482173
0.1915191963069615,0.407201438493006
0.19147560777292405,0.40721419878258247
0.19145101761755154,0.4072201161066705
0.1914183414610879,0.4072284970574791
0.19136599720831401,0.4072427635464373
0.1913207422569704,0.407254304408102
0.19129605429738872,0.4072593931436448
0.19126292676935128,0.4072666782792309
0.19120905765611976,0.40727933371231995
0.1911648682928735,0.4072889650570155
0.19113943958863908,0.40729333648883936
0.1911048766047683,0.40729968789042725
0.19105267880405483,0.40731001941933664
0.1910082967541858,0.4073180761813137
0.19098139399778494,0.4073217821427916
0.19094745988364367,0.40732680724261866
0.19089538584632612,0.40733522070398953
0.1908495157170567,0.40734189152157774
0.19082278257214572,0.4073446642719359
0.19078849710566345,0.4073485351109354
0.19073501815081467,0.40735524418062297
0.19069041231889025,0.4073601355536848
0.19066310423346575,0.40736204465347303
0.19062746876031147,0.4073648172656226
0.1905757810926353,0.40736945199057173
0.19053112990733867,0.4073727699568943
0.19050242392175382,0.407373805362189
0.19046758126000604,0.4073752983767285
0.19041615463019798,0.40737808762616906
0.19037013928298482,0.407379883753999
0.1903406213221777,0.407380033630542
0.19030457476089488,0.40738038980152563
0.19025168661871364,0.40738136846943274
0.19020705461760262,0.4073815648984373
0.1901791258542196,0.40738062019247806
0.19014208448676206,0.40737968303489996
0.19008952140894936,0.40737889295987706
0.19004490160415502,0.4073775090229486
0.19001581697540512,0.40737553065814236
0.1899798117979023,0.40737336409262365
0.18992768983810737,0.4073707462415704
0.18988187019183933,0.4073677143089836
0.18985326934020394,0.40736479756420463
0.18981721370176735,0.4073613734211967
0.18976405557257015,0.40735681798995443
0.18971977356474212,0.40735232580891684
0.18969080642035252,0.4073483864804098
0.18965365088205063,0.40734355161561614
0.18960262563316393,0.4073373584480292
0.18955859311429812,0.4073313320218215
0.18952844484880027,0.40732618880935756
0.18949243548147957,0.40732022471880974
0.18944204180707372,0.4073123010527346
0.18939704160185203,0.40730452380575444
0.18936764616030088,0.40729846966072547
0.1893318367658243,0.4072912511665334
0.18928069040745785,0.40728134478892114
0.1892375701223293,0.4072723176086508
0.1892082388795467,0.40726521997791604
0.18917161258040818,0.4072564987961872
0.18912272633534413,0.40724522918605577
0.18908031713048304,0.4072347834488669
0.18905052361147917,0.4072264580446079
0.1890152261470395,0.4072167485968322
0.18896686278594083,0.40720381266534067
0.18892409898172383,0.4071916633844442
0.18889582167529115,0.407182672237717
0.18886081316234873,0.407171735301148
0.188811800285971,0.40715677242932014
0.18877089672332617,0.4071436025694318
0.18874252523464122,0.4071335414428724
0.18870770260097675,0.40712128800704245
0.18866290421236956,0.40710571035492654
0.1886223339115384,0.40709095431545594
0.18859086191641952,0.40707863973022673
0.18855789176891732,0.40706557048340813
0.18851630802343933,0.40704925560591726
0.18847466355541223,0.40703244176398873
0.1884460577569386,0.40701994004908065
0.18841844420348194,0.4070073961947946
0.18837051758719706,0.40698700874083865
0.18832307797076514,0.40696652793265686
0.1882945441569888,0.40695303680457523
0.18828063909746395,0.4069450151510216
0.18827791065980704,0.4069418050484119
0.18827917853243145,0.40694027533013943
0.1882759498727517,0.4069366908530288
0.18825729341863084,0.4069260998945329
0.1882195022763364,0.40690623306074275
0.18817650560985874,0.406883625565126
0.18816240422014663,0.4068745345262024
0.18812825522655136,0.40685540988011676
0.188075505285214,0.4068266530955256
0.18804294886617026,0.40680768488802854
0.1880289944647381,0.40679796416335373
0.18800024165031026,0.40678013542830044
0.1879537530384398,0.40675246064833803
0.18791699907806322,0.4067296344350674
0.18789800083808406,0.40671631040781775
0.18787197889547222,0.4066987883945538
0.18782806802379073,0.40667045166659843
0.187791129395499,0.4066456879932911
0.18777329979731075,0.4066322223244245
0.18774742426509308,0.40661351166886306
0.18770275452898383,0.406582463070864
0.18766822947106895,0.40655750379207267
0.1876512802707758,0.4065436907060286
0.18762524175319814,0.4065234649995543
0.1875839882402525,0.40649255903581255
0.18754994973109063,0.4064661163510469
0.1875282422439901,0.4064479550230038
0.187503540209806,0.4064274742848598
0.1874645592570361,0.40639609550745975
0.18741596285024606,0.4063570672906316
0.18736066869159823,0.406312461203978
0.18728301478258,0.40624998503283816
0.18717185469998235,0.4061602131507753
0.18704089772496063,0.40605420216355836
0.1869012119362814,0.405940326418327
0.18675060521557602,0.40581655260006394
0.18660202924841407,0.4056934113243326
0.18645987682104623,0.405574490092274
0.1863281929320127,0.4054631064904706
0.18622053107100384,0.4053707209289822
0.18613817796449783,0.40529861358525215
0.18608678700219955,0.4052519437611397
0.18607456448464305,0.40523843175841784
0.18604627083969918,0.4052102344732308
0.1859981704793783,0.4051634709116941
0.18597141792615832,0.40513577980975757
0.18596459284473207,0.4051264207684414
0.18593667137078532,0.4050966485274822
0.18589095833910443,0.4050491324308796
0.18586627069280753,0.40502167250526305
0.1858596185240307,0.40501187087773066
0.18583259206682695,0.4049810807211343
0.1857886906824793,0.4049321554897728
0.1857645232025392,0.404903289028621
0.18575776864342863,0.404892867419124
0.18573171084221624,0.4048610296502798
0.18568877212456383,0.40480965224999294
0.1856661379155389,0.4047806376401142
0.18565905448646794,0.4047691735084622
0.18563342012271214,0.4047355186890204
0.18559410292717426,0.4046849484599793
0.18557234587399682,0.40465498328732075
0.18556481077462084,0.4046421025001872
0.18554116625210856,0.4046086943086668
0.18550418446326514,0.40455750385628364
0.18548273945380242,0.40452570683987293
0.18547529308391195,0.4045121822236896
0.18545288955120592,0.4044780584639006
0.18541716575193617,0.40442473415053776
0.18539734627206092,0.40439302638280955
0.1853898648775171,0.4043785104113979
0.18536806872893005,0.4043426312633619
0.18533566721828476,0.4042903590558429
0.18531688925588688,0.40425786463956925
0.18530923462742238,0.40424190606527355
0.18528934167349878,0.4042064113443813
0.18525917514829582,0.40415368028416576
0.18524093643027378,0.40411942030930625
0.18523363028029302,0.404102963291136
0.18521500745572048,0.4040668318509004
0.1851862155781373,0.40401209573243274
0.18516962136770504,0.4039781219999535
0.1851625120757317,0.40396071891612323
0.18514466009138011,0.4039228790920436
0.18511890984116733,0.4038694135805303
0.18510345665407774,0.4038347753127444
0.1850964102704319,0.40381589215027897
0.18508038728623424,0.40377859627055684
0.18505679543315315,0.40372484342785975
0.18504208301414857,0.40368851134442046
0.18503558318034044,0.40366928668535496
0.18502086814668847,0.4036314513025579
0.184998767335772,0.4035758278166855
0.18498568753893144,0.4035399861833722
0.18497958985453605,0.40351989889052725
0.1849658030419241,0.40348041146869723
0.18494647006259873,0.40342624776061553
0.18493461041550102,0.403389876123256
0.1849288059180386,0.4033683127522958
0.18491677366045245,0.40332954090845086
0.18489953025304415,0.4032752628325157
0.1848885873318483,0.4032372629099173
0.18488347007237008,0.4032155040797064
0.18487279589029787,0.40317633366817546
0.1848571699339342,0.4031203600593055
0.1848477999686581,0.4030829811332541
0.18484324530481408,0.4030603994176719
0.18483366868987394,0.40301968677592703
0.18482055394357524,0.40296535922538806
0.18481245351416822,0.4029275322892641
0.18480840423684636,0.4029034578763107
0.18480049878019456,0.4028636412433442
0.18478940762794036,0.4028093785125746
0.18478240119033412,0.4027700087248516
0.18477915316120677,0.40274590965327867
0.18477263694385068,0.40270583000310733
0.18476327557293565,0.40265004530293425
0.184757793818051,0.40261150097264237
0.18475527627891392,0.40258671824778963
0.18475001439211386,0.402545216313688
0.1847429120520467,0.40249125572940175
0.1847387616144423,0.40245243674707976
0.1847369727564146,0.402426245217835
0.1847332833408564,0.4023858319341735
0.1847281354192387,0.4023321399112359
0.18472525045372865,0.4022919297067148
0.1847243432200372,0.4022659435382127
0.18472207894248838,0.4022255327173178
0.18471877884909338,0.40217066525644074
0.1847173515407713,0.4021316037708294
0.18471719895359168,0.4021039575500551
0.1847162580694111,0.4020613929372683
0.18471505260347573,0.4020097974694381
0.1847149506599725,0.40197043720302145
0.18471577861707175,0.4019414945103717
0.18471631691729481,0.4019003394216496
0.1847168911230708,0.40184872031170155
0.18471824290058464,0.40180917573166647
0.1847200233074208,0.4017811965608089
0.1847219900923098,0.40173994944085845
0.18472443193344984,0.4016870185555637
0.18472706182527437,0.4016491754278899
0.18472979261987202,0.40162142333533835
0.18473327855644917,0.40157913516250027
0.1847374393201152,0.40152831019796337
0.1847414587992323,0.4014900990815194
0.18474541869710262,0.40146032338086335
0.1847502114579806,0.40142117261519505
0.18475600496560593,0.40137336078378116
0.18476171222818755,0.4013325847192742
0.18476679462007584,0.4013015184645595
0.18477286148775027,0.40126370704623027
0.18478056673396176,0.40121512878453613
0.18478769696747546,0.4011737987892423
0.18479293849882072,0.4011506657145359
0.18480040989370455,0.4011134664955839
0.18481111266406114,0.4010548244406615
0.18482171847016624,0.40099954618951217
0.1848315320433188,0.4009545293771649
0.18484093905541799,0.4009140066608622
0.18484807119018168,0.40088700135576033
0.18485275515033353,0.4008742839065911
0.18486026001449374,0.40084753777361753
0.18487516394741904,0.40078766534937255
0.1848872330833693,0.40074305741830135
0.18489256843858193,0.4007295221685362
0.1849063207087689,0.4006807824844626
0.18492837943604026,0.400599553225676
0.18494867857630454,0.40052666895680394
0.18497716028329178,0.40042455500625246
0.18501897485468213,0.40027522396616316
0.185062746961112,0.40012204211355634
0.18510464528694712,0.39997746964776654
0.18514932470446668,0.39982636451794973
0.185194636616675,0.39967608594496856
0.1852410885996114,0.399524870635475
0.18528977442724257,0.3993692669297563
0.18533618374017793,0.3992239374233549
0.1853786289742627,0.39909410276692153
0.185415714298426,0.3989840194780636
0.18544289329491495,0.3989068268655431
0.18545877498692953,0.3988656299314385
0.1854674844426628,0.39884757726915127
0.1854896292679886,0.3987920501642119
0.18551169142635518,0.39873823415601356
0.18552047195943225,0.39872116276745184
0.18552932366678265,0.39870416066428066
0.1855532772461993,0.3986495492866398
0.18557744039840632,0.39859589048529076
0.18558603724799883,0.3985807831729801
0.18559580180149093,0.3985633122697453
0.18562258410952817,0.39850753315167076
0.1856475086633656,0.39845701551349144
0.1856564723526032,0.3984425569911465
0.18566742734272818,0.39842432113611786
0.1856949869427786,0.39837173453532443
0.18572139757487424,0.39832262038977
0.18573146733788223,0.39830740805846415
0.18574297624032568,0.39828956790029707
0.18577210185521376,0.39823842042662183
0.1858007954282254,0.39818928587402835
0.18581146354151903,0.39817416156481444
0.185823873315912,0.39815621491447145
0.18585530906754147,0.3981052737215074
0.18588454070675542,0.39805903422026884
0.18589609247802186,0.39804366755634285
0.18590982726662425,0.39802512071373564
0.18594168014210005,0.3979773534096978
0.18597223137836696,0.39793258331526166
0.18598505381821576,0.3979165878273714
0.18599931823130744,0.39789858443098264
0.1860324609138142,0.39785247691065534
0.1860652480766694,0.39780788894985836
0.1860785661386409,0.39779232076981413
0.18609377831016646,0.39777435671458966
0.18612922820295447,0.39772853589430185
0.18616228472907573,0.3976867486397756
0.18617655084572238,0.3976710981066351
0.1861932177686277,0.39765267909938096
0.1862288223099964,0.3976098671339623
0.18626304984997807,0.39756959083773774
0.18627872846524116,0.3975534589846977
0.18629586448131477,0.3975357366688786
0.1863325976127693,0.39749460094031314
0.18636901327747268,0.3974546923871906
0.18638518977452748,0.39743908778138093
0.1864032749963978,0.39742158313727355
0.18644222048666817,0.39738095322955674
0.18647862634059476,0.3973437779721278
0.18649576068371246,0.3973282872815393
0.18651536937102356,0.39731053532703786
0.1865541769800854,0.39727280830044626
0.18659158449359461,0.3972372026131472
0.18661021994323995,0.39722142528642973
0.18663018970599787,0.397204524049796
0.18666994716094493,0.397168502871084
0.18670947495330023,0.3971334476118799
0.18672851600383275,0.39711836869574807
0.18674941355880778,0.39710184574669255
0.18679130641856173,0.39706649948009026
0.18683058036192626,0.39703406778665074
0.18685055929447206,0.39701928681564286
0.18687303668809557,0.3970027106571327
0.186914541773547,0.3969701284264641
0.18695466665057386,0.3969392989621995
0.18697620636238882,0.39692444191892345
0.1869989264835434,0.39690884087906886
0.18704121885803654,0.3968779822517983
0.18708338634226607,0.3968478875138908
0.18710520787218682,0.3968338849285111
0.18712881031675757,0.3968188216939994
0.18717314259704715,0.3967888158634325
0.18721481905850296,0.39676123794957163
0.1872375295896356,0.39674771190926905
0.1872627361305288,0.3967328021478692
0.18730643504677028,0.3967054264776669
0.1873487970136293,0.39667948985414503
0.18737309166408206,0.3966661047765381
0.1873983876832497,0.3966522812736131
0.18744269928520876,0.3966266494137012
0.18748698663388702,0.3966016390029455
0.18751141459885343,0.3965892331333389
0.1875375112437111,0.39657610119837683
0.18758373289417954,0.39655150296061326
0.18762730206645226,0.39652888783639095
0.18765256464064484,0.3965171071601576
0.1876802577875424,0.39650433591335
0.18772561416864203,0.3964822204221958
0.187769712096189,0.3964612659454803
0.1877965636050099,0.39644983441356696
0.18782417387682296,0.39643823060168787
0.18786996028181696,0.3964178714464626
0.1879158828031306,0.3963980072724869
0.1879427137949899,0.3963876456653368
0.18797104029770706,0.39637686231325625
0.1880186279590268,0.396357688696238
0.18806362645315278,0.3963400840985793
0.18809120191250783,0.3963304944382977
0.18812110284602285,0.3963202697997718
0.18816764129149383,0.39630340432998246
0.18821303296253508,0.39628746227631984
0.18824221778731795,0.39627840858790503
0.18827195051167367,0.3962693616732327
0.1883188329521337,0.3962542126705043
0.1883660062858908,0.3962394877623273
0.18839509610908972,0.3962315289766402
0.18842549992493596,0.39622339669594286
0.1884740440088973,0.3962095840348199
0.18852008944358,0.39619697406362425
0.18854980558908926,0.396189916998747
0.18858167779490423,0.39618255229011884
0.18862891796953257,0.39617089289671015
0.1886750994595654,0.39615996939005504
0.1887061839109601,0.39615370101738334
0.18873757311662953,0.3961475440348983
0.18878491803072997,0.3961375318759496
0.18883249211023934,0.3961279594394082
0.1888626029617598,0.3961229067271348
0.18889426457811576,0.39611776839788165
0.18894372169669266,0.3961090497805756
0.18898992911867812,0.39610139050479193
0.18901999159449828,0.3960973877021478
0.18905259144764563,0.3960932142543646
0.18909845332694192,0.39608682277354373
0.18914335565634488,0.3960810056687437
0.18917758930187026,0.3960773774359195
0.18920856138639375,0.3960745217215115
0.18925410738956358,0.39606981505610894
0.18930221028176467,0.39606513544331673
0.1893382276250324,0.3960623558587994
0.1893757424895842,0.39605965259731996
0.1894277953502376,0.39605562525146876
0.1894830652944396,0.3960514102463969
0.1895179913254028,0.39604993278842554
0.18955584531126257,0.3960485039241736
0.18959770399397555,0.39604696713133297
0.18964500071934043,0.3960455012504708
0.18969990069873163,0.396043263975554
0.18975723518656112,0.39604238928864083
0.1898075914009614,0.396042395803774
0.18983800359616554,0.3960435109054024
0.18985105806848943,0.39604501219465416
0.18989735328760457,0.39604628072181347
0.1899680535069273,0.39604814308478115
0.18998053895489475,0.39605004226228513
0.19000465646459377,0.39605252879187003
0.19007687908338616,0.3960560793109204
0.19013026248979592,0.39605962395892824
0.19013001274467708,0.3960616765031397
0.19015025875563488,0.39606482861143266
0.19022175375943903,0.39607083635520013
0.19028231527622158,0.39607674652260577
0.19029316410175773,0.3960797147800675
0.19030936102914092,0.3960831449190395
0.190375394264418,0.3960911426937521
0.19043737505872316,0.3960993898444868
0.1904480220123165,0.396102658854221
0.19046487578507726,0.3961067410699765
0.19053269166057146,0.3961173555582146
0.19059122009523569,0.3961272667205941
0.19060134104248702,0.3961308469104498
0.190619244066997,0.39613576091573893
0.1906837982617428,0.39614820531677997
0.19074100764228388,0.39615998034734046
0.19075193301898738,0.39616414492960067
0.19076959465378196,0.3961696028014914
0.19083250321373324,0.39618404451116107
0.19089011439114564,0.39619803999351505
0.19090128534198758,0.3962026075451681
0.1909192418936447,0.3962087857382952
0.1909824294177556,0.39622566112193003
0.19103707071322204,0.39624099787343386
0.19104887308175084,0.396246151752941
0.1910677540744105,0.3962533201557793
0.19112762399798283,0.3962715941682866
0.1911810858679411,0.3962886458701384
0.19119390787097132,0.39629462295043755
0.19121259992153788,0.39630239910619014
0.19127104651292093,0.3963225062361201
0.19132492187664374,0.3963418039846452
0.19133800506743198,0.39634831194208664
0.1913570249013911,0.3963569372619879
0.19141575574374678,0.3963794873666623
0.19146685005063496,0.39639984670105444
0.1914804973655418,0.39640709774229776
0.191500379937729,0.3964168913725586
0.19155607959787865,0.3964405577774664
0.19160595286637755,0.3964624904046212
0.19162052381695663,0.3964707642193103
0.19164004527554962,0.3964811743417019
0.1916942174389449,0.3965064771602894
0.19174431519316515,0.3965306511719484
0.1917589137839353,0.3965395036830708
0.19177860890876916,0.39655083588857526
0.1918328543974361,0.39657854347550975
0.1918802266965252,0.39660349473410095
0.1918952338473322,0.39661320210311396
0.19191566076618793,0.3966258543248484
0.19196675216251674,0.39665426661931324
0.19201284500453386,0.39668064928758817
0.1920286252602031,0.3966915439879101
0.19204851684006638,0.39670478315542124
0.19209803499878636,0.39673464752874343
0.19214417286146668,0.39676325968498116
0.19215978508319703,0.3967747519278414
0.19217968410367697,0.39678895798938285
0.19222906297463624,0.39682116971708004
0.19227250515036406,0.3968502780618993
0.19228833775020204,0.3968627003049355
0.19230877677416228,0.39687833819463497
0.19235507645736508,0.39691093035367475
0.1923971539827599,0.39694131930518656
0.19241361841690216,0.3969550917475531
0.19243333754715583,0.3969712454427097
0.19247800096788717,0.39700510115231563
0.1925199154032662,0.39703768210055723
0.19253597979293097,0.397052010070596
0.19255552404198853,0.3970691392157389
0.19259984573447872,0.39710527417884217
0.1926391020255456,0.3971380775392983
0.1926551693735101,0.3971533585887711
0.19267505452749567,0.39717200442291695
0.1927163954517912,0.39720822011843987
0.19275420080711328,0.39724214171375843
0.19277067664444644,0.39725886359499213
0.19278967124989874,0.3972779188634645
0.19282932600384212,0.3973152122689832
0.19286674958864186,0.3973512607081783
0.19288260278126113,0.39736844086773887
0.1929012335995601,0.39738843783549715
0.1929403365780431,0.3974279169350423
0.19297515570467547,0.3974639183261578
0.19299080218621273,0.3974820341056841
0.1930095725514126,0.3975036034954789
0.19304582400210796,0.39754289611205795
0.19307913753176373,0.39757986141421886
0.19309499554096585,0.3975994972997813
0.19311275665538918,0.3976213632304079
0.1931473192013211,0.39766158463664375
0.19318009049467827,0.39770063921860005
0.19319519703537655,0.397720662269886
0.19321249647104669,0.39774348833964357
0.193246406252676,0.39778589396877984
0.19327674734571296,0.3978247523156667
0.1932915725831342,0.3978457977110481
0.1933089154880223,0.39787035492427375
0.19334019301805147,0.3979124316062981
0.1933690693713814,0.39795221373807116
0.1933839859484602,0.39797494399182565
0.1934003003750186,0.39799977920089197
0.1934299427098226,0.39804272814678104
0.19345817094467976,0.39808464019170337
0.19347227241305165,0.39810775108993407
0.19348802194113376,0.39813357543846367
0.1935168438334926,0.3981786536831031
0.1935427489574076,0.3982201918959269
0.19355642681630533,0.39824435373216
0.193572027561638,0.3982719877928347
0.1935985334382867,0.39831671891218545
0.19362296854833447,0.39835900827618487
0.19363619497510168,0.39838426018471484
0.1936506346532728,0.3984118383071083
0.19367558259059606,0.39845741605638146
0.19369929057500945,0.3985019411929809
0.19371266279810048,0.3985293135943579
0.19372710919344668,0.3985589937060752
0.19374937889589808,0.39860363718107567
0.1937726336435909,0.39865074240426845
0.19378582036142283,0.3986798249431032
0.1938019431278411,0.39871540753037443
0.19382726109333318,0.3987696625032626
0.19386104369203405,0.3988420087357087
0.19389918649748933,0.39892435894901257
0.19393267866617908,0.39899811042664135
0.19396189151412904,0.39906434534677326
0.19398483283061638,0.39911880202128996
0.1939972733601994,0.39915128995410454
0.19400979191367915,0.3991850819946137
0.19403225142198627,0.39924291546281393
0.19404485161912902,0.39927819018982463
0.19405086606548008,0.39929822526704345
0.19406317806687007,0.39933465469801444
0.1940809080522901,0.3993857541557285
0.1940948836836131,0.39942828323770285
0.1941035655925434,0.3994577983247086
0.1941133331209659,0.3994909319585249
0.19412714032527761,0.39953648957570204
0.1941399513863245,0.3995806444322948
0.19414815556042977,0.39961183481068985
0.19415650186570668,0.3996442921384353
0.19416823783027495,0.3996894029297194
0.19417963159505364,0.3997341109803349
0.19418502019294953,0.39975973638020623
0.19418379472528866,0.3997625712981474
0.19417433662037636,0.39973475029539407
0.19414303388884507,0.399624127111735
0.19408250587593096,0.3993952847812104
0.1940467518502496,0.3992635678978359
0.19402430644057125,0.39917513127711646
0.19401104397845856,0.39912594186252226
0.19399554697265822,0.39906448775662595
0.19396233832382237,0.39891560231636347
0.19389506489200675,0.39858249466359685
0.19384717420293152,0.3983357047281586
0.19381755165159784,0.39817354273123856
0.1938018881448844,0.39808926422461693
0.193788712133782,0.398013850458753
0.19375862955225234,0.3978097156737943
0.19369252287444302,0.3972957244262679
0.1936185214101051,0.39663343835066694
0.19356596078679378,0.39608504368820374
0.19351592570197546,0.39548516986919147
0.19347937003362867,0.3950067830345059
0.19344628191268023,0.39450809893583966
0.19342214972822255,0.3941082751072297
0.19340194517069137,0.39370164801407953
0.19338829661827506,0.39339780493183985
0.19337713879339183,0.39306508153996655
0.19337025548457137,0.3928386275225825
0.19336587768699653,0.3925984059230845
0.19336293169052735,0.3924435685368114
0.1933622009850827,0.3922885934929052
0.19336077659150708,0.39221056209587307
0.19336073641666918,0.39213644480109816
0.1933683483325729,0.39184014269876855
0.1933839451262807,0.3914388230749073
0.19340489568074448,0.39102943519512373
0.19342513360669006,0.39068284350061777
0.193448078749502,0.3903441535671658
0.19346776106498242,0.39007507742073527
0.1934883887445858,0.38982898268933114
0.19350490028459427,0.3896372696146078
0.193522094586813,0.3894618170823418
0.19353435581762538,0.3893356573340398
0.1935441585517336,0.389242341329062
0.19354786896968093,0.38919735256962484
0.19354791851998399,0.38918227154898005
0.1935723553152856,0.3890052952665445
0.19361816489512995,0.3887103436716039
0.1936555725088093,0.38848788370217785
0.19369605209131557,0.38825868099577493
0.19373300088271736,0.3880581125611505
0.19376558916665118,0.3878885505480417
0.19379159202012053,0.3877571087291196
0.19381657160836513,0.38763524985651837
0.19384063632182572,0.3875227053812744
0.19386834076646928,0.38739954562503665
0.1938974637916565,0.3872738651813839
0.19392385942172286,0.38716284701652115
0.19394455188910972,0.3870760201662549
0.19395699235911099,0.38702155809837363
0.19400122699723216,0.38685319980422633
0.1940698667278286,0.3866117706582704
0.1941456705915692,0.3863564028300614
0.19421770943459804,0.3861198193831347
0.1942860540859,0.3859000168938262
0.19434705800862112,0.38570840431199066
0.19439556445071887,0.38555906516538185
0.1944294323640241,0.38545532155034634
0.19445026696535272,0.385390392535476
0.1944966298522961,0.38525101746350404
0.19458351296803683,0.3849970635767351
0.1947187962929769,0.38468166314234503
0.1948689817824616,0.38433010197420436
0.19503650374628145,0.3839478705824961
0.19520468970919688,0.383547767820873
0.19537542653672818,0.3831386483293955
0.1955589794086047,0.38269518479795267
0.19572592292023502,0.38229026421536727
0.19585720257701839,0.3819715551975731
0.19596291572256716,0.38171435376539914
0.19601973891554325,0.3815749653972882
0.19599864111946186,0.38162305892973714
0.19591808294884666,0.38181163328723833
0.19583923011038598,0.3819958339786134
0.19577958326759018,0.3821393209073542
0.19571807523928694,0.3822844267320933
0.19565362871446776,0.3824316989490584
0.19560253939418257,0.38254526555039
0.1955670313435363,0.3826213234688835
0.19554768811311196,0.38265928900033946
0.19553774535684332,0.38267532246741087
0.1955064293604201,0.3827348159116143
0.19548124336711867,0.38278102700430033
0.19548026057394352,0.38277836779478974
0.19547316010864058,0.38278754629043915
0.19550506660607542,0.3827293824309051
0.19556797984199206,0.38261030173345145
0.19564148122893957,0.3824725607513812
0.1957147622261288,0.3823385376881074
0.19578304059454527,0.38221584750461823
0.19585761660446982,0.38208457886385455
0.19594804997850152,0.3819289896658707
0.19605685380612903,0.38174593278339836
0.19618268195928873,0.3815377939022497
0.19632575238384115,0.38130521520423166
0.19647186342234488,0.3810715350006612
0.19661990023172723,0.3808386745255636
0.1967679854348202,0.3806093951381327
0.19690196356308826,0.3804052872459036
